222994
784718
445557
218798
196187
978719
265715
789228
734881
826951
413273
852742
265797
741848
831428
272324
337776
421648
243924
485449
723635
675583
884379
458626
311451
525474
771874
892372
893478
229278
187821
921233
725924
593685
583855
265979
469824
242334
893331
384491
581537
458385
183543
295182
863959
627456
145298
128935
691152
116867
877222
131522
586999
431163
725316
641337
517191
299944
674535
187426
794256
751377
529584
886877
832911
375185
644191
739611
285951
278898
273919
546225
956913
982346
842746
373882
724387
135448
887891
855173
463622
285497
786397
888667
875813
243126
218668
131872
336884
175116
858293
783582
317694
539671
594231
989416
667153
925697
782577
813878
721968
782852
818861
127232
657225
161368
475995
565651
469635
848586
953479
237871
752986
691258
799885
812313
944474
987863
248445
342136
749449
728271
795644
447823
853486
638241
319926
214542
675343
954228
836354
849446
966242
325479
714412
359888
292218
178964
434838
862469
335627
953889
368841
252675
985179
223131
813739
933791
442858
799141
481935
821665
535382
399385
484821
438686
452342
537972
992292
484452
117798
191628
727169
515719
985439
125156
153778
373254
594933
288747
731239
942311
549559
844485
196249
442563
385352
849462
485225
981765
726247
499368
734894
373619
776682
319721
324619
934475
828148
516948
683697
462964
178371
761389
812717
396248
333516
989359
526259
649196
899932
578756
821482
842933
516324
965255
559117
253975
937187
764114
598675
486537
637557
314261
527776
474414
798235
811818
786136
334968
758571
218887
372863
452819
982798
152578
224214
996171
585547
881246
877429
183255
984774
727616
735553
786653
238769
896597
887691
131872
942963
371717
344955
828998
619593
424171
334947
899323
569732
429933
153435
234466
917576
418319
353167
274537
827279
985741
882498
194657
281334
576942
984923
556369
413146
524248
491974
257765
766588
327986
682848
755385
725175
767586
598771
211323
189744
752434
933919
367912
217585
965272
222321
847725
683652
314221
265527
566398
159753
629918
939687
543732
318195
944886
989312
869277
494626
371649
933375
781843
657892
961945
958213
762248
872382
397832
584945
118554
977533
487484
351759
559913
518212
814369
235286
375337
292661
958633
544443
387595
568286
391886
669967
449742
416158
439698
453334
723528
745986
916934
789227
655713
788783
822623
394258
985771
465856
256142
822295
438747
823934
663126
481535
415913
879327
522896
287883
281875
412426
112875
795128
429866
586989
318774
632661
576175
679828
362634
624415
172576
127188
295298
437443
194918
294636
872948
765722
663269
271418
586586
744881
682351
946864
939199
166589
369848
476845
885466
661356
971124
118856
519254
394499
816921
853755
926238
848152
294656
356647
647973
695452
527936
345655
549863
236315
673595
575639
697794
157151
958152
715347
621545
897289
426885
929737
659424
862261
751186
835574
177482
726713
317584
123827
961217
554669
988111
788783
699547
262229
891195
496479
484958
688513
721381
338975
244427
841277
671253
319375
262953
114636
376123
795468
773832
557894
136656
555935
194498
683549
416937
173838
816388
973857
921991
184558
853583
959156
573992
624312
456753
853354
491423
118948
977539
485915
176944
575271
239987
456797
368543
626987
319991
142293
548283
836539
187158
453836
488241
568519
348999
926375
846858
141746
147773
364275
882944
141929
453187
379789
735819
461216
492185
951615
989691
666833
533123
189147
133687
546555
528371
655317
446252
419515
457342
781944
114447
949141
544681
184815
265551
797931
819439
137385
163567
846888
541318
816174
669267
978891
349393
685495
334869
586659
412869
596286
198411
121967
497684
721562
369775
785927
131976
142353
477263
931131
531154
113841
245986
142458
816322
231565
544868
288296
481783
563167
589566
846624
813678
581253
988844
766244
621142
229438
714391
455579
793227
562735
495686
938656
332758
466386
565853
878647
439533
626112
224358
589754
371762
765715
589874
112626
194471
195388
751935
757175
388174
616745
421155
475789
222541
276454
626979
575656
244157
168992
462329
587726
926342
746593
134787
593823
813989
695681
936835
256245
633737
774132
354171
588282
766929
622387
966426
546439
249661
936374
472661
616363
784662
357346
989446
156719
574467
618666
149638
513289
495582
893693
253394
796165
555935
123953
238616
773335
188656
968741
565562
347889
818763
693457
559229
547934
436916
388572
397788
266555
287336
825199
613322
673257
644191
199999
677732
846522
716182
488898
787556
849841
934154
749777
944473
449742
536348
634965
979566
481146
346615
952144
228875
568457
789545
539388
433881
221887
911199
418899
167822
637574
714941
783617
442877
348751
478727
925721
727487
472878
672169
849194
689242
996948
714554
387627
751621
219228
853858
551825
237644
787491
315842
393764
566641
573748
626478
518474
793713
222244
282129
516969
127476
765715
751486
635466
183737
518469
935117
763412
466399
377315
756649
521236
631629
678964
773877
875372
448198
352847
219869
961475
217164
851678
557755
788337
774418
963461
864198
692741
211198
975798
713542
747585
596351
964987
136579
258236
613957
892959
735326
888698
579978
856954
584153
815734
269822
881774
754844
891295
894531
754638
597688
913277
887631
382686
957451
624311
311379
478294
741681
383813
928286
218123
139618
462558
496638
977916
559676
651532
671379
552282
692796
269183
412816
499365
714571
884357
418498
196917
952953
839587
125156
188717
859423
725298
214648
573621
766379
937924
178285
895468
166672
253481
219349
692592
378937
679284
324473
117892
435238
628131
732535
687983
846247
976264
673583
314881
767296
652556
949277
745384
752551
576175
575597
955422
482936
988553
578551
682426
763572
845715
498968
367942
224667
938196
184668
342166
491911
875345
686913
894289
582587
124999
186415
382495
157752
738919
811364
862331
289247
128916
893559
332873
198151
638859
339793
662699
479548
855534
138345
758546
644712
512155
526712
295868
621864
661854
334523
385262
417791
448368
276517
884328
923362
355458
661651
489294
136949
698258
863722
182897
393286
113493
653455
688686
499314
357957
768289
695986
764147
289775
442576
739629
336867
733336
376638
277119
996787
179757
778872
188238
447954
483567
458383
151694
294645
121595
179657
293133
784158
729527
187821
969895
677749
569384
943489
198899
742593
495542
515636
237766
227981
365668
591691
334933
498984
211258
165753
311286
214413
596994
334237
439469
911713
781794
598167
949415
613773
657777
422263
667636
821556
761835
549496
178225
145251
896111
348196
128469
588557
462741
416545
168768
747699
845945
966362
643799
273285
676482
851825
813836
449516
739572
793247
236339
219667
139279
738919
189352
923218
783187
619775
535251
156117
462389
963629
462213
521613
359657
897875
928775
645624
813658
242483
129637
853314
354255
984317
699814
268361
798551
195622
482448
533547
695868
847838
625893
515116
776833
994264
663559
337776
849259
418528
746811
621931
977772
266565
778882
434343
637574
399655
635323
458379
988264
362158
528917
841329
362675
547221
838188
869284
265715
666674
172836
123442
866264
138827
354411
269817
997431
774717
691243
232454
146338
451926
391555
595228
735324
489667
751966
439652
988462
143187
344239
757434
663771
755958
471784
168118
567483
159595
685862
321525
737696
934165
261991
441627
914417
521331
513837
684294
713745
774651
794389
426843
581914
976756
235475
264276
299253
488531
224948
262373
156835
542798
974567
453887
229959
513339
694343
821785
487287
246155
184225
185645
948242
418313
578356
766751
318323
282655
326367
553651
454627
264478
429888
368533
994271
446781
423165
115953
173264
447496
677575
762223
941761
954112
557969
971977
325561
154743
825391
913317
837188
342441
274529
184637
626364
462445
994517
585369
321199
482728
791242
276663
615397
296321
963871
848621
867116
475325
425741
117114
553797
673792
148599
469374
887748
459882
173869
157968
911521
734257
193121
284482
499837
921233
758551
776135
372344
968638
731442
581829
198987
739929
474688
467472
576377
625732
888626
923392
618666
216392
496219
339756
894889
219828
955768
811277
981961
381175
322918
624967
518942
526362
264244
326881
537161
224594
866398
626987
188535
583471
447296
996147
433547
883459
235216
915221
647577
488321
574576
895328
588728
657777
483978
778119
528652
355727
232844
175419
118358
253117
819942
538282
483825
777294
466268
947947
667496
599641
818916
786394
339927
775477
637494
614781
379526
889496
363145
349288
127237
261994
277569
495668
456586
531642
212442
451121
588354
558189
772144
557614
522976
662967
873162
555946
686967
768928
696645
674157
142868
962337
654856
573362
132299
767529
161162
213535
263812
437386
548113
316189
933661
629153
918562
366924
335628
757862
668552
932878
275511
998587
627352
927343
682422
457298
466231
999276
489879
265536
878826
174176
175255
363948
316991
128277
271888
555333
825111
483217
568457
636268
486411
146757
815387
814331
864234
998677
117287
753767
557963
574182
139749
543866
158945
146979
989618
151657
426271
147616
598743
848576
971471
447595
235444
587466
137514
712455
987615
135138
852481
734854
691411
617925
546555
781233
836227
335875
857336
181784
416827
964642
123917
719397
231884
857873
492198
143831
588939
632812
722287
154134
443238
621586
356441
752391
245116
649557
383933
787118
461695
753853
331997
375983
989433
323885
456769
248875
687868
851255
865899
739333
867299
447458
144283
338165
297622
917764
337112
999337
769139
631147
335628
491329
757428
154281
184511
372425
634417
272998
426548
529392
552951
424876
664873
929614
499449
699853
484958
688193
855372
647153
194725
425395
391712
482118
368197
318649
121683
492497
723158
616226
973167
291159
189935
229975
485576
397771
292983
713217
661745
439176
988467
123884
211227
197871
825466
928538
785693
159314
339618
862934
889752
423215
482289
944533
642686
451166
488218
259683
485534
275132
224923
697991
242319
969488
628742
953141
293997
267879
654989
631453
237224
576979
163166
297272
284217
827223
718427
666782
438272
888884
398589
722536
751377
189476
982331
113843
875239
575814
115917
173221
142519
546579
447156
323665
256397
473667
213535
186686
486417
661857
262715
734539
666543
624916
159513
625273
188535
195762
188643
833424
963288
537284
579232
694374
133314
544688
941272
798151
966526
476725
795829
425875
212789
747157
314944
491375
622511
575698
454658
686825
675845
419541
488695
631398
212696
462671
824979
479585
478865
819995
725446
987698
292225
931133
817183
164482
742125
938842
911568
952491
872183
262695
954219
998564
362651
145596
688377
948583
454179
912594
294872
117668
611114
596656
131649
267221
725466
463748
962821
172836
592424
148731
239743
839929
688692
698461
568519
229743
791177
632661
657221
142741
322542
197537
535273
764427
628439
111915
787276
682666
136736
549778
261818
576279
188643
474499
188742
558239
442831
668435
519326
712554
696785
858342
334968
324589
862974
986535
972388
471985
661464
149891
171524
223861
689468
648531
894525
168451
786391
578978
452239
342516
864499
343612
142996
792128
325297
939439
217813
235468
515432
844894
945551
687868
711433
729576
221754
411431
197286
768665
958738
165469
941288
174213
379145
768993
367496
946788
137284
589834
671662
378615
885696
641518
346791
789739
447987
555344
417291
623479
749872
593448
114347
713141
265319
812228
491841
625284
113468
825335
277825
155988
929669
647486
921832
464129
846439
771573
228344
656244
551136
537851
838166
222954
898759
999377
471434
823215
885261
176319
456292
789439
995611
525978
479161
921176
988367
295754
132532
569384
566885
777565
141821
434165
967998
688751
455479
979182
153572
145778
554327
966656
472469
467235
686558
334784
154712
489581
839344
273499
456479
968474
188548
647878
757972
465828
873598
243528
129378
665259
931513
354822
678637
166897
894484
997551
796856
892226
142338
785665
587581
162164
661745
915916
111823
864823
171889
332192
816562
927496
164163
178786
831939
239467
198428
713817
764296
218153
223211
381841
293394
979128
892477
214549
987346
985242
816641
781442
881664
366569
237673
989436
524452
545638
389564
319317
477686
546587
222726
398893
657892
818442
287968
349938
731991
572221
652966
788964
722275
332648
757261
957288
936457
498489
689957
118842
669293
519384
772179
863812
667681
866211
598819
595745
729115
727378
639786
479752
697175
664873
159335
388238
117712
447974
951757
484354
358665
192932
854164
554832
367661
111976
387445
327417
815261
589545
359532
839272
634439
379878
587682
726545
775272
747211
747633
597256
555646
785442
432491
691233
861959
631164
861751
941745
818138
434538
291434
365117
442658
425773
433238
624912
923774
611335
195597
598354
238826
848944
523823
346123
582852
594811
971553
713855
987966
273311
519123
547261
513658
561258
733212
914589
171934
698563
154214
259489
143727
196252
223314
252463
689758
356124
865796
699645
553548
544579
973418
196149
451654
475653
995253
494428
643556
441428
256958
157313
641895
658798
537824
734136
228266
974262
511299
817193
532297
216515
475325
184553
968849
746581
336797
988945
862933
835919
784659
214518
278462
789636
992687
328945
847526
739155
956565
517391
955635
338471
271759
876125
321747
298436
336499
344413
643849
513665
393243
931912
431164
647965
227595
858929
893373
437431
413381
285519
337825
345197
815855
751349
856663
266231
515437
288451
455933
882335
766455
781674
231873
614848
141479
122757
426522
974963
538224
465843
395677
489661
291563
948471
558954
933258
938783
693656
566514
399337
461938
874316
982233
872876
767581
574426
346135
419681
483265
339668
911713
273513
777628
562643
934543
938244
931729
445497
922538
172232
393932
669349
825335
276677
586545
896867
225137
423685
569634
248155
459357
522778
742457
353859
853475
234826
699573
338731
324767
422135
884379
256754
778672
654589
384281
415734
457389
273952
847898
825834
664831
921872
286853
218658
762659
233956
135145
267546
448547
127131
676169
461252
292614
854786
827429
496355
726732
612643
116679
613673
287688
973315
773782
952729
718933
728355
275655
528949
259728
961924
926916
113339
423759
484365
687193
582656
454235
483268
732688
983283
449898
935962
685198
746391
588838
629475
413265
372662
244347
743836
271624
173559
997174
257157
469956
343574
446544
422825
191633
284813
939372
173771
623229
656492
732617
959124
938347
177613
393775
578562
145915
173542
533634
285152
343622
278898
932166
678622
831677
866197
751685
384182
731635
768928
253211
149638
522654
959587
328824
246978
435654
125367
318781
984373
832188
349372
434613
957877
165639
464654
363671
819642
279336
959822
183241
111692
316534
358511
316795
588753
216496
722843
457169
661254
757972
165297
136723
573336
174176
992999
125288
724898
393591
923167
694998
529978
491213
488714
195918
276646
227674
867243
741465
254342
348146
221118
565122
495182
217845
346396
668435
169832
222465
381987
431295
613913
148223
371145
924553
578347
243651
839951
133831
464285
687796
922493
269235
772533
363166
989638
383585
141584
299738
176949
969889
388223
891236
388399
753173
123442
956372
976471
337367
916467
596897
894367
193763
112331
447176
293588
622635
873277
571563
618812
378937
747473
765835
579276
915432
658972
329211
488321
157759
922498
258258
111395
262571
288215
439132
971763
415469
251197
894484
579436
517345
858667
542458
513895
314132
755958
556514
481449
147277
733711
427786
518163
169754
974228
666155
672366
633665
776329
822957
134691
478125
676373
776935
255211
343612
982636
497465
497447
318453
524988
344223
663126
843686
675851
845318
178438
986592
946788
381333
697899
734591
647231
283529
115457
785889
373526
195617
863498
312748
936311
192741
346269
615374
884578
361485
661473
818452
539244
957571
322317
834247
969584
234667
977385
241222
438681
317445
779938
211598
143396
224482
155339
469252
172178
184739
968648
578756
969687
111524
851841
145979
485877
888827
973863
977475
322953
269928
527472
746473
279574
743539
323832
532897
368686
488665
647228
247685
987154
517373
177617
526821
491327
895756
796489
454987
435495
136677
298785
513213
127992
994378
773432
968147
156239
764258
332241
